## 作业：homework02 

实验任务：

一组学生成绩数据如下所示，编写一个控制台应用程序，可以将下列数据分别以姓名、课程1、课程2、课程3排序并输出。

| 学号     |姓名  |课程1|课程2|课程3|
|:--------:|:----:|:---:|:---:|:---:|
|1403880031|阮小七|80   |72   |92   |
|1403880026|李俊  |82   |76   |81   |
|1403880014|武松  |76   |85   |88   |
|1403880042|韩滔  |88   |80   |84   |
|...       |...   |...  |...  |...  |



``` bash
...
------------------------------------------------
排序后输出，当前排序第 1 列：
学号            姓名            课程1   课程2   课程3   
1403880014      武松            88      84      82      
1403880026      李俊            89      80      91      
1403880031      阮小七          79      91      78      
1403880042      韩滔            77      93      81      
------------------------------------------------
排序后输出，当前排序第 2 列：
学号            姓名            课程1   课程2   课程3  
1403880026      李俊            89      80      91     
1403880014      武松            88      84      82      
1403880031      阮小七          79      91      78      
1403880042      韩滔            77      93      81    
------------------------------------------------
排序后输出，当前排序第 3 列：
学号            姓名            课程1   课程2   课程3  
1403880026      李俊            89      80      91      
1403880014      武松            88      84      82      
1403880031      阮小七          79      91      78      
1403880042      韩滔            77      93      81    
------------------------------------------------
...
```